1268139655398043392 -5311.3284067104 -1023.6008111322 114.1870193481
1268139655503796736 -5310.7088780684 -1022.6720011365 114.1843414307
1268139655609685760 -5310.0437251099 -1021.6732101068 114.1848220825
1268139655715247872 -5309.4486965964 -1020.7854209784 114.1857681274
1268139655820880896 -5308.8084263349 -1019.8308817856 114.1863479614
1268139655927088384 -5308.1758252096 -1018.8866432272 114.1850433350
1268139656032684288 -5307.6078472011 -1018.0406461461 114.1785507202
1268139656138064640 -5306.9947026490 -1017.1256505232 114.1714248657
1268139656243963648 -5306.4464596433 -1016.3086505551 114.1680603027
1268139656349629440 -5305.8565731358 -1015.4265766861 114.1667022705
1268139656455460096 -5305.3302068791 -1014.6424046671 114.1638183594
1268139656561373696 -5304.7662453422 -1013.7983017340 114.1559524536
1268139656667326208 -5304.2125929212 -1012.9768302934 114.1456298828
1268139656772846848 -5303.7243075840 -1012.2426281879 114.1383514404
1268139656878482176 -5303.1943990419 -1011.4507854544 114.1353073120
1268139656984659200 -5302.7247410577 -1010.7450190606 114.1349487305
1268139657089934080 -5302.2156941203 -1009.9855365092 114.1303024292
1268139657195794688 -5301.7650250532 -1009.3079768596 114.1163864136
1268139657301511168 -5301.2792839289 -1008.5804007687 114.1068572998
1268139657407695104 -5300.8100702151 -1007.8745557182 114.0915298462
1268139657513160704 -5300.3934410851 -1007.2549425708 114.0823516846
1268139657618835456 -5299.9489376305 -1006.5934041385 114.0701370239
1268139657724740096 -5299.5523487278 -1006.0083149066 114.0593566895
1268139657830843904 -5299.1283728768 -1005.3845715048 114.0437240601
1268139657936309248 -5298.7475848083 -1004.8323348677 114.0333328247
1268139658042291968 -5298.3374836632 -1004.2430722723 114.0190124512
1268139658148157440 -5297.9323461635 -1003.6692662630 114.0059280396
1268139658254023424 -5297.5659981458 -1003.1627587993 114.0033416748
1268139658359821312 -5297.1678517660 -1002.6225127755 114.0074005127
1268139658466233088 -5296.8073901446 -1002.1491983989 114.0100402832
1268139658571810048 -5296.4157385540 -1001.6508997986 114.0011520386
1268139658677697280 -5296.0234334129 -1001.1745873922 113.9936523438
1268139658784012032 -5295.6703292147 -1000.7626530789 113.9873657227
1268139658889655552 -5295.2755179422 -1000.3362570209 113.9818191528
1268139658996088576 -5294.9142126648 -999.9717687992 113.9781494141 
1268139659102147328 -5294.5035927749 -999.5914768735 113.9790802002 
1268139659208321792 -5294.0853349210 -999.2320550364 113.9782028198 
1268139659314349312 -5293.6926612686 -998.9240716128 113.9788513184 
1268139659420681984 -5293.2482228089 -998.6057788469 113.9847564697 
1268139659526984960 -5292.7905620389 -998.3153054081 113.9811859131 
1268139659633671168 -5292.3623230813 -998.0768268295 113.9678039551 
1268139659739666432 -5291.8835355845 -997.8413744429 113.9436264038 
1268139659845385984 -5291.4378821026 -997.6616239799 113.9301834106 
1268139659951666688 -5290.9419829597 -997.5004148567 113.9166336060 
1268139660057833728 -5290.4325732925 -997.3682823451 113.9023895264 
1268139660164018944 -5289.9677257930 -997.2728391308 113.8814163208 
1268139660270446336 -5289.4478590980 -997.2029054770 113.8577270508 
1268139660375964672 -5288.9791494109 -997.1641652631 113.8318786621 
1268139660481835008 -5288.4609666871 -997.1529215779 113.8128204346 
1268139660587915520 -5287.9437890145 -997.1704770625 113.8019866943 
1268139660693515008 -5287.4705789392 -997.2129016696 113.8013076782 
1268139660799181568 -5286.9565767448 -997.2884730538 113.8038864136 
1268139660905022208 -5286.4894005756 -997.3832946997 113.8118286133 
1268139661011169792 -5285.9818844408 -997.5210354067 113.8095474243 
1268139661117220608 -5285.4791234102 -997.6838785168 113.8016357422 
1268139661222458880 -5285.0250473559 -997.8547691088 113.7996597290 
1268139661328427008 -5284.5324906182 -998.0667107468 113.8030624390 
1268139661433464832 -5284.0864001815 -998.2772721816 113.8123168945 
1268139661539234816 -5283.6004814637 -998.5264962846 113.8198776245 
1268139661644275200 -5283.1579511788 -998.7645860873 113.8190307617 
1268139661749952000 -5282.6737192944 -999.0304461075 113.8108367920 
1268139661854884864 -5282.2281542781 -999.2850663783 113.8003921509 
1268139661960374016 -5281.7363206370 -999.5726365447 113.8002166748 
1268139662065948160 -5281.2832593916 -999.8426791979 113.8088150024 
1268139662171264512 -5280.7763399031 -1000.1519200364 113.8079757690
1268139662276530944 -5280.2509967374 -1000.4682778800 113.7919998169
1268139662381960960 -5279.7691884325 -1000.7636093907 113.7794570923
1268139662487515904 -5279.2264909249 -1001.0992102949 113.7807693481
1268139662593396992 -5278.7287666542 -1001.4076479049 113.7945480347
1268139662698905856 -5278.1666650087 -1001.7550873933 113.8096542358
1268139662804396288 -5277.6512268084 -1002.0799387014 113.8277740479
1268139662909895680 -5277.0634093339 -1002.4455667380 113.8343963623
1268139663015524096 -5276.5211819652 -1002.7863728469 113.8364410400
1268139663121398784 -5275.9088766164 -1003.1681993678 113.8355712891
1268139663226810880 -5275.2912328508 -1003.5608643135 113.8285980225
1268139663332594176 -5274.7170688433 -1003.9182569785 113.8167266846
1268139663438773504 -5274.0780444092 -1004.3131074701 113.7995605469
1268139663544155392 -5273.4898110068 -1004.6847100053 113.8008422852
1268139663649816576 -5272.8339083927 -1005.0985491285 113.8039245605
1268139663755584768 -5272.1708009900 -1005.5160575779 113.8069458008
1268139663861869824 -5271.5596378160 -1005.9053194681 113.7966079712
1268139663966933504 -5270.8925011080 -1006.3349482566 113.8026351929
1268139664072905216 -5270.2781768727 -1006.7270307429 113.8141403198
1268139664178714624 -5269.6035517543 -1007.1564339064 113.8116836548
1268139664284314624 -5268.9845399837 -1007.5523931282 113.8104019165
1268139664390084864 -5268.3012501202 -1007.9933986552 113.8046798706
1268139664496236032 -5267.6102217820 -1008.4389107637 113.8000259399
1268139664601574144 -5266.9845784755 -1008.8496129904 113.7945556641
1268139664707577600 -5266.2882797790 -1009.3034241693 113.7894821167
1268139664812968704 -5265.6575739234 -1009.7178004831 113.7841949463
1268139664919214080 -5264.9583849944 -1010.1746746628 113.7844238281
1268139665024668416 -5264.3257536353 -1010.5919888616 113.7871932983
1268139665130608384 -5263.6226898070 -1011.0536754755 113.7870254517
1268139665236623872 -5262.9221523511 -1011.5186898680 113.7953643799
1268139665342310400 -5262.2825562510 -1011.9355282523 113.7984695435
1268139665448021504 -5261.5815064771 -1012.3892621063 113.7998199463
1268139665553558016 -5260.9440165747 -1012.8050389495 113.8006896973
1268139665659761920 -5260.2440681491 -1013.2627181318 113.7966461182
1268139665765058048 -5259.6056549636 -1013.6798120756 113.7920074463
1268139665870526208 -5258.9054516096 -1014.1370896334 113.7863464355
1268139665976465920 -5258.2092678163 -1014.5928711286 113.7815704346
1268139666082384640 -5257.5763238630 -1015.0033835601 113.7814331055
1268139666187970048 -5256.8885785697 -1015.4549495792 113.7876892090
1268139666293792256 -5256.2612502732 -1015.8621213371 113.7867584229
1268139666399598592 -5255.5795466338 -1016.3122583888 113.7826156616
1268139666505035776 -5254.8953997392 -1016.7559949690 113.7805099487
1268139666611163136 -5254.2754913786 -1017.1592595167 113.7763900757
1268139666717261312 -5253.5886604515 -1017.6070907740 113.7626495361
1268139666822583296 -5252.9691198141 -1018.0134659084 113.7459487915
1268139666928326400 -5252.2922613192 -1018.4562905803 113.7409591675
1268139667034264576 -5251.6866623523 -1018.8522845889 113.7514495850
1268139667139866112 -5251.0262552026 -1019.2866563927 113.7653045654
1268139667245946368 -5250.3706840586 -1019.7166356547 113.7752761841
1268139667351803648 -5249.7757145957 -1020.1059146421 113.7738952637
1268139667457326336 -5249.1272149149 -1020.5333505217 113.7714309692
1268139667563101184 -5248.5404751750 -1020.9201178644 113.7698287964
1268139667669001728 -5247.9023944706 -1021.3416680517 113.7666091919
1268139667774648320 -5247.3269545708 -1021.7218532059 113.7611770630
1268139667880292608 -5246.7042428479 -1022.1345581850 113.7643814087
1268139667986185472 -5246.0902998762 -1022.5424735481 113.7666778564
1268139668092199936 -5245.5386798390 -1022.9102935689 113.7598800659
1268139668197400576 -5244.9453108739 -1023.3052675193 113.7552185059
1268139668303491584 -5244.4203831384 -1023.6580367871 113.7522354126
1268139668409072128 -5243.8600628990 -1024.0356997168 113.7515792847
1268139668515372288 -5243.3169099829 -1024.4013103042 113.7508316040
1268139668621058304 -5242.8389015273 -1024.7241813615 113.7483444214
1268139668726320640 -5242.3278078536 -1025.0694582742 113.7455902100
1268139668832189440 -5241.8740991948 -1025.3733573137 113.7390670776
1268139668937843456 -5241.3899114893 -1025.6993085453 113.7343902588
1268139669043554560 -5240.9609003437 -1025.9819226088 113.7330093384
1268139669149585408 -5240.5019740164 -1026.2853273600 113.7248764038
1268139669254926592 -5240.0588508429 -1026.5729239704 113.7178039551
1268139669360599552 -5239.6713605093 -1026.8231149875 113.7122497559
1268139669466405376 -5239.2621406326 -1027.0827783225 113.7025833130
1268139669571747584 -5238.9055316558 -1027.3021908170 113.6969375610
1268139669677466112 -5238.5319417432 -1027.5258837510 113.6921997070
1268139669783328256 -5238.2033854250 -1027.7123169368 113.6880874634
1268139669888433408 -5237.8545636697 -1027.9045925625 113.6844253540
1268139669994406912 -5237.5459426380 -1028.0663549304 113.6811676025
1268139670099645184 -5237.2144802104 -1028.2290781969 113.6732101440
1268139670205678080 -5236.8920218440 -1028.3752100384 113.6691131592
1268139670311376896 -5236.6113357338 -1028.4870588332 113.6582641602
1268139670416448768 -5236.2856821857 -1028.5940747447 113.6441955566
1268139670522073344 -5235.9868420886 -1028.6791769490 113.6335372925
1268139670627405824 -5235.6586088843 -1028.7564003048 113.6209487915
1268139670732907264 -5235.3639232714 -1028.8110743873 113.6077041626
1268139670838461952 -5235.0405736570 -1028.8505721213 113.5907516479
1268139670943909376 -5234.7544542341 -1028.8698173808 113.5797424316
1268139671049599744 -5234.4423842291 -1028.8760874793 113.5826263428
1268139671154634240 -5234.1386582240 -1028.8674341440 113.5729751587
1268139671259994112 -5233.8648053281 -1028.8321265997 113.5558319092
1268139671365650688 -5233.5756692950 -1028.7888670219 113.5424194336
1268139671470960128 -5233.3152939960 -1028.7237963984 113.5263214111
1268139671576643584 -5233.0407546511 -1028.6319833063 113.5103607178
1268139671682258176 -5232.7957507519 -1028.5443168841 113.4910583496
1268139671787781888 -5232.5394115255 -1028.4263762673 113.4738159180
1268139671893282816 -5232.3067029456 -1028.3060792116 113.4515304565
1268139671999502336 -5232.0613318868 -1028.1497161603 113.4302444458
1268139672104961280 -5231.8224990836 -1027.9752412094 113.4047851562
1268139672210182400 -5231.6170467483 -1027.8001774680 113.3857879639
1268139672315848448 -5231.4036290610 -1027.5912722060 113.3651657104
1268139672421430272 -5231.2224777239 -1027.3846967155 113.3478164673
1268139672527258624 -5231.0335932148 -1027.1417198321 113.3260116577
1268139672633316608 -5230.8745759304 -1026.9015572909 113.3078765869
1268139672739302144 -5230.7112927708 -1026.6201405600 113.2919006348
1268139672844973056 -5230.5608473247 -1026.3209164105 113.2713394165
1268139672950822656 -5230.4383149504 -1026.0295572048 113.2551727295
1268139673056814336 -5230.3127720854 -1025.6930732327 113.2336807251
1268139673163199488 -5230.2146206700 -1025.3672290947 113.2168807983
1268139673268449280 -5230.1168126547 -1024.9931602534 113.1977844238
1268139673374482944 -5230.0369743312 -1024.5951315537 113.1808471680
1268139673480639488 -5229.9704367302 -1024.2191678081 113.1596069336
1268139673586648832 -5229.9144075699 -1023.7814088967 113.1351928711
1268139673692637184 -5229.8671398655 -1023.3700791840 113.1120605469
1268139673798729728 -5229.8345316992 -1022.8938280893 113.0956649780
1268139673904971776 -5229.8089864430 -1022.3981180061 113.0754776001
1268139674011059712 -5229.7943753438 -1021.9254919533 113.0569915771
1268139674117318400 -5229.7799304301 -1021.3843668867 113.0355148315
1268139674223513856 -5229.7730387491 -1020.8713759910 113.0194091797
1268139674330057216 -5229.7623284161 -1020.2883348651 113.0041809082
1268139674436417536 -5229.7505849788 -1019.6815146720 112.9848251343
1268139674542095872 -5229.7386680760 -1019.1078597177 112.9683837891
1268139674648438016 -5229.7217549325 -1018.4597144984 112.9528579712
1268139674754861056 -5229.7060572905 -1017.7866402185 112.9417419434
1268139674860545792 -5229.6882040989 -1017.1598746460 112.9287261963
1268139674966952192 -5229.6715873656 -1016.4447368709 112.9153060913
1268139675072301824 -5229.6517108027 -1015.7798212580 112.8997726440
1268139675178110976 -5229.6339757681 -1015.0236386918 112.8854598999
1268139675283644928 -5229.6111394886 -1014.2491553267 112.8724746704
1268139675389851904 -5229.5913293649 -1013.5248936843 112.8610382080
1268139675495820544 -5229.5679867920 -1012.7124461280 112.8481140137
1268139675601570560 -5229.5489595642 -1011.9608228682 112.8379745483
1268139675707370752 -5229.5246110762 -1011.1242114529 112.8287887573
1268139675812913920 -5229.5051790706 -1010.3566578468 112.8212356567
1268139675918687488 -5229.4837582346 -1009.5063980091 112.8083114624
1268139676024444160 -5229.4624412232 -1008.6526412740 112.7962341309
1268139676130059776 -5229.4460924700 -1007.8733677417 112.7876586914
1268139676236168704 -5229.4282197410 -1007.0123468265 112.7775802612
1268139676341803776 -5229.4162916940 -1006.2245836686 112.7660751343
1268139676448047872 -5229.4021438243 -1005.3533559153 112.7527542114
1268139676553661440 -5229.3917387403 -1004.5567735769 112.7412490845
1268139676659309312 -5229.3794619119 -1003.6769368388 112.7293701172
1268139676765222656 -5229.3730157673 -1002.7929623667 112.7213897705
1268139676870790912 -5229.3654021455 -1001.9869048996 112.7078704834
1268139676976488960 -5229.3629884770 -1001.0977426553 112.6900939941
1268139677082755840 -5229.3577040960 -1000.2911733901 112.6799087524
1268139677189107712 -5229.3572723210 -999.4021730842 112.6659317017 
1268139677294235904 -5229.3565694435 -998.5134267258 112.6516876221 
1268139677401122560 -5229.3601539862 -997.7056000829 112.6373443604 
1268139677509324032 -5229.3597747476 -996.8214776544 112.6280593872 
1268139677611557120 -5229.3648156946 -996.0185750695 112.6191558838 
1268139677721409792 -5229.3660383053 -995.1367013501 112.6068496704 
1268139677823705600 -5229.3701144740 -994.2560125729 112.5919876099 
1268139677929070592 -5229.3766808914 -993.4583740858 112.5787277222 
1268139678034980864 -5229.3809080699 -992.5858004652 112.5686874390 
1268139678141072896 -5229.3895115986 -991.7953095166 112.5602798462 
1268139678246796288 -5229.3985307493 -990.9271649998 112.5460128784 
1268139678352999936 -5229.4081382983 -990.1391615756 112.5286483765 
1268139678458611712 -5229.4183744027 -989.2770730536 112.5132522583 
1268139678564401920 -5229.4320908650 -988.4192198273 112.5010681152 
1268139678670039552 -5229.4427362710 -987.6422643121 112.4884185791 
1268139678775819520 -5229.4564957360 -986.7907965248 112.4741058350 
1268139678882015488 -5229.4658025228 -986.0205494147 112.4642028809 
1268139678987778048 -5229.4800221274 -985.1750054974 112.4528121948 
1268139679093633280 -5229.4903862310 -984.3392414944 112.4427261353 
1268139679199379968 -5229.5013588435 -983.5806403747 112.4330215454 
1268139679304340736 -5229.5089299390 -982.7475208435 112.4227828979 
1268139679411056640 -5229.5166817287 -981.9975659018 112.4127960205 
1268139679517032704 -5229.5178099549 -981.1731733540 112.4017181396 
1268139679622828800 -5229.5165866875 -980.4322108300 112.3924407959 
1268139679728541184 -5229.5079831047 -979.6188736102 112.3815307617 
1268139679834931968 -5229.4921626732 -978.8183923783 112.3691482544 
1268139679940804608 -5229.4719912306 -978.0984751312 112.3595886230 
1268139680046735616 -5229.4393743556 -977.3085544556 112.3485336304 
1268139680152694016 -5229.4014446486 -976.5968246143 112.3374938965 
1268139680258630144 -5229.3467770989 -975.8189194640 112.3246383667 
1268139680364703744 -5229.2779534061 -975.0524420114 112.3122711182 
1268139680470548992 -5229.1990464705 -974.3632366527 112.3011322021 
1268139680576534016 -5229.0946440442 -973.6046898812 112.2869796753 
1268139680682435072 -5228.9804000207 -972.9236705936 112.2749557495 
1268139680788583168 -5228.8381407653 -972.1798663549 112.2627410889 
1268139680894072576 -5228.6731923302 -971.4444334814 112.2533340454 
1268139680999905024 -5228.5051866240 -970.7869764594 112.2464904785 
1268139681105774848 -5228.2992864456 -970.0688607227 112.2326202393 
1268139681211656448 -5228.0960578844 -969.4196208017 112.2152252197 
1268139681317923584 -5227.8548188185 -968.7168542296 112.1972732544 
1268139681423404288 -5227.5969698934 -968.0249457872 112.1832656860 
1268139681529101056 -5227.3463566558 -967.4032942252 112.1738739014 
1268139681634799616 -5227.0552066758 -966.7273934139 112.1598052979 
1268139681740527360 -5226.7749458386 -966.1217019428 112.1461486816 
1268139681846434816 -5226.4534481085 -965.4624393638 112.1285247803 
1268139681952256000 -5226.1479313963 -964.8720078515 112.1140213013 
1268139682058074112 -5225.8002708764 -964.2319322936 112.1011657715 
1268139682163408128 -5225.4412350344 -963.5969947912 112.0896224976 
1268139682269079808 -5225.1056840653 -963.0237915041 112.0770187378 
1268139682374711808 -5224.7292014372 -962.3969190475 112.0611801147 
1268139682480289280 -5224.3813983264 -961.8313176492 112.0478668213 
1268139682585723904 -5223.9971829072 -961.2114616716 112.0348815918 
1268139682691301632 -5223.6432242822 -960.6531631853 112.0263519287 
1268139682797009152 -5223.2524551274 -960.0397698302 112.0180664062 
1268139682902788352 -5222.8598867151 -959.4296995802 112.0061721802 
1268139683008454912 -5222.4984356484 -958.8731350163 111.9877319336 
1268139683113924608 -5222.0979163672 -958.2680076621 111.9680862427 
1268139683220312320 -5221.7330231631 -957.7177046584 111.9517211914 
1268139683325605888 -5221.3299515343 -957.1223668186 111.9334259033 
1268139683431185664 -5220.9654891063 -956.5826584566 111.9155502319 
1268139683536644352 -5220.5722106977 -956.0035867793 111.8983459473 
1268139683642068480 -5220.2244141969 -955.4788093837 111.8874511719 
1268139683747984384 -5219.8481630643 -954.9170899587 111.8788375854 
1268139683853449728 -5219.4860046133 -954.3729975903 111.8695831299 
1268139683959619072 -5219.1647037459 -953.8921406968 111.8698196411 
1268139684065230336 -5218.8298169061 -953.3781893058 111.8708724976 
1268139684170973696 -5218.5391812595 -952.9228886114 111.8696517944 
1268139684276014848 -5218.2336401389 -952.4351784177 111.8661346436 
1268139684381711104 -5217.9742623699 -951.9979137201 111.8599319458 
1268139684487173888 -5217.7016412062 -951.5233202688 111.8502960205 
1268139684592825344 -5217.4486275911 -951.0503347758 111.8402099609 
1268139684698365440 -5217.2367983263 -950.6280240780 111.8336715698 
1268139684804018432 -5217.0163587825 -950.1654729955 111.8276672363 
1268139684909830144 -5216.8327429877 -949.7545661675 111.8214874268 
1268139685015660800 -5216.6410040980 -949.2987677446 111.8153381348 
1268139685120797184 -5216.4818359081 -948.8844080707 111.8096237183 
1268139685226110976 -5216.3197907906 -948.4234874332 111.8038330078 
1268139685331832064 -5216.1932904769 -948.0071546203 111.8001327515 
1268139685437106176 -5216.0703050044 -947.5496020764 111.7992553711 
1268139685542804480 -5215.9735841757 -947.0975333890 111.8015823364 
1268139685648274688 -5215.9005738251 -946.6862238441 111.8033218384 
1268139685753790720 -5215.8427560395 -946.2367854901 111.7995605469 
1268139685859702528 -5215.8075496046 -945.8329598885 111.7967453003 
1268139685965115648 -5215.7882314895 -945.3942337474 111.7922592163 
1268139686069115648 -5215.7871716120 -944.9963535508 111.7897567749 
1268139686176433920 -5215.8058007146 -944.5599207236 111.7827606201 
1268139686282639872 -5215.8438940650 -944.1137656728 111.7691497803 
1268139686387748096 -5215.8961476305 -943.7009057431 111.7597503662 
1268139686493367296 -5215.9760275010 -943.2398962425 111.7519683838 
1268139686599257344 -5216.0704662010 -942.8140787985 111.7440872192 
1268139686704770560 -5216.1981719482 -942.3402481396 111.7349166870 
1268139686810958336 -5216.3389913798 -941.9028855953 111.7232437134 
1268139686916200192 -5216.5197756399 -941.4176152907 111.7121582031 
1268139687022244096 -5216.7293725518 -940.9300960554 111.7009735107 
1268139687127722240 -5216.9445697242 -940.4824921265 111.6865539551 
1268139687233637632 -5217.2099774676 -939.9868048560 111.6650924683 
1268139687339724032 -5217.4768942935 -939.5367133161 111.6446380615 
1268139687444167168 -5217.7966764176 -939.0408480503 111.6237182617 
1268139687551117312 -5218.1081346682 -938.5887079006 111.6071929932 
1268139687657262336 -5218.4771421689 -938.0926936893 111.5896530151 
1268139687762898944 -5218.8785366959 -937.6072103539 111.5639419556 
1268139687868911616 -5219.2703948896 -937.1691379426 111.5418243408 
1268139687974877184 -5219.7242825942 -936.6932350267 111.5049743652 
1268139688080346112 -5220.1499261644 -936.2698303098 111.4783248901 
1268139688186511872 -5220.6199587428 -935.8195947967 111.4551544189 
1268139688292531200 -5221.0857966712 -935.3584544165 111.4518051147 
1268139688398126080 -5221.5186245391 -934.9511688519 111.4482955933 
1268139688504384256 -5222.0045072961 -934.5105236592 111.4353179932 
1268139688610268160 -5222.4594306389 -934.1169923805 111.4158706665 
1268139688716079872 -5222.9665390942 -933.6872889521 111.3962554932 
1268139688822319104 -5223.4823534458 -933.2699438212 111.3790435791 
1268139688927947264 -5223.9564786046 -932.8973312834 111.3761367798 
1268139689033807360 -5224.4729279265 -932.4978161771 111.3758239746 
1268139689139412736 -5224.9413661718 -932.1388639351 111.3798599243 
1268139689245471488 -5225.4610851887 -931.7590150144 111.3796997070 
1268139689351182592 -5225.9777482449 -931.3869894966 111.3826828003 
1268139689456968448 -5226.4497865738 -931.0570055209 111.3836593628 
1268139689563049984 -5226.9638159312 -930.7010624586 111.3887710571 
1268139689669403648 -5227.4233927210 -930.3900763523 111.3921737671 
1268139689775022336 -5227.9154069519 -930.0527693247 111.3912353516 
1268139689880980736 -5228.3442563809 -929.7539827619 111.3877410889 
1268139689986886656 -5228.7985168882 -929.4342328552 111.3851699829 
1268139690092848128 -5229.2297985671 -929.1183173517 111.3813400269 
1268139690198600192 -5229.6061244030 -928.8483283138 111.3809204102 
1268139690305054976 -5230.0002137913 -928.5625591725 111.3843383789 
1268139690410626304 -5230.3405075839 -928.3168486319 111.3868408203 
1268139690516602624 -5230.6877635912 -928.0614169361 111.3887252808 
1268139690622244864 -5231.0090046837 -927.8144054590 111.3939208984 
1268139690728360192 -5231.2853228628 -927.6004290674 111.3987579346 
1268139690833695744 -5231.5736916231 -927.3766481746 111.4029922485 
1268139690940147968 -5231.8184799041 -927.1884059086 111.4180450439 
1268139691045745920 -5232.0704574799 -926.9887835020 111.4340896606 
1268139691151528448 -5232.3120820611 -926.7981125601 111.4509124756 
1268139691257318144 -5232.5308759678 -926.6244179243 111.4571609497 
1268139691363136512 -5232.7691273172 -926.4330799347 111.4624786377 
1268139691469113344 -5232.9809335507 -926.2597868964 111.4668502808 
1268139691574918656 -5233.2104660219 -926.0669611432 111.4773101807 
1268139691681551360 -5233.4330420817 -925.8809693325 111.4882431030 
1268139691786839296 -5233.6333734636 -925.7089569625 111.4952774048 
1268139691896054784 -5233.8488509433 -925.5230751336 111.5032043457 
1268139691998390784 -5234.0427434627 -925.3515952341 111.5077362061 
1268139692107641088 -5234.2537438676 -925.1633393681 111.5158691406 
1268139692210008576 -5234.4452314170 -924.9899082668 111.5218658447 
1268139692315676672 -5234.6523161423 -924.8012625370 111.5297317505 
1268139692421400576 -5234.8615704327 -924.6065395977 111.5341720581 
1268139692527270144 -5235.0510016526 -924.4318459863 111.5427627563 
1268139692633165056 -5235.2654296111 -924.2304491932 111.5473022461 
1268139692739101696 -5235.4682032088 -924.0400369437 111.5528335571 
1268139692844914176 -5235.6884958723 -923.8239223193 111.5533218384 
1268139692951038208 -5235.9079312009 -923.6017167177 111.5607070923 
1268139693056741632 -5236.1066774346 -923.3965999875 111.5688400269 
1268139693162664960 -5236.3201085770 -923.1635292079 111.5800323486 
1268139693268751616 -5236.5139779512 -922.9424255900 111.5872879028 
1268139693374580736 -5236.7291022337 -922.6860913187 111.5954895020 
1268139693480572928 -5236.9451876733 -922.4133477462 111.6028060913 
1268139693586461440 -5237.1428922016 -922.1515377965 111.6084213257 
1268139693692635648 -5237.3576371274 -921.8508251933 111.6172714233 
1268139693797923584 -5237.5518165027 -921.5600115750 111.6238479614 
1268139693904199936 -5237.7616215716 -921.2226636661 111.6347656250 
1268139694010391296 -5237.9674063916 -920.8644756470 111.6438217163 
1268139694116115456 -5238.1460821962 -920.5223028157 111.6559677124 
1268139694222538752 -5238.3329831733 -920.1269744756 111.6663055420 
1268139694328350720 -5238.4930338929 -919.7521488639 111.6801071167 
1268139694434214144 -5238.6547301444 -919.3202065555 111.6902694702 
1268139694540193536 -5238.7854365561 -918.9109136965 111.7023010254 
1268139694646173184 -5238.9103145700 -918.4433021015 111.7125473022 
1268139694752220416 -5239.0106152662 -917.9592999145 111.7253494263 