0.0314 1.5032
0.0909 2.9673
0.1597 4.3917
0.2150 5.8096
0.2917 7.1713
0.3584 8.5039
0.3989 9.7853
0.4547 11.0740
0.4846 12.2806
0.5338 13.5098
0.5801 14.7577
0.6467 15.9662
0.7203 17.1545
0.7708 18.3451
0.8175 19.4566
0.8680 20.5358
0.9082 21.5933
0.9344 22.6492
0.9483 23.6895
0.9880 24.6631
1.0136 25.6600
1.0002 26.6244
1.0419 27.5652
1.0925 28.4700
1.1306 29.3767
1.1709 30.2335
1.2211 31.0890
1.2919 31.9070
1.3458 32.6920
1.4018 33.4526
1.4754 34.1709
1.5761 34.8703
1.6855 35.5256
1.8873 36.1513
2.0712 36.7578
2.3160 37.3540
2.6065 37.9415
2.9196 38.5363
3.3277 39.0882
3.7559 39.5685
4.1639 40.0760
4.6459 40.5589
5.1715 41.0136
5.7167 41.4477
6.2904 41.8535
6.8835 42.2712
7.4794 42.5854
8.0598 42.8618
8.6476 43.1125
9.2575 43.3320
9.8551 43.5382
10.4640 43.6907
11.1090 43.8570
11.7692 43.9762
12.4134 44.0675
13.0705 44.1330
13.7615 44.1981
14.4322 44.2473
15.0872 44.2957
15.7568 44.3254
16.4284 44.3586
17.1055 44.4033
17.7904 44.4246
18.4899 44.4676
19.2090 44.5323
19.8993 44.5645
20.5777 44.6183
21.2343 44.6516
21.9085 44.7104
22.6355 44.7784
23.3981 44.8288
24.2038 44.8662
25.0419 44.9248
25.9217 44.9665
26.7976 45.0072
27.7130 45.0458
28.6273 45.0835
29.5711 45.0976
30.5433 45.1070
31.5080 45.1271
32.4756 45.1531
33.4763 45.1804
34.4360 45.2014
35.4438 45.2273
36.5090 45.2832
37.5726 45.3235
38.7000 45.3492
39.7719 45.3735
40.7953 45.3859
41.8690 45.4135
42.9782 45.4440
44.1117 45.4652
45.1999 45.5093
46.2695 45.5355
47.3214 45.5606
48.4040 45.5824
49.4747 45.5885
50.5681 45.6242
51.6601 45.6806
52.6995 45.7132
53.7531 45.7430
54.8378 45.7644
55.9189 45.8073
57.0083 45.8023
58.1217 45.8184
59.2844 45.8583
60.5345 45.8695
61.7508 45.8608
62.8655 45.8929
63.8567 45.9272
64.7870 45.9514
65.7331 45.9641
66.7414 45.9806
67.7400 46.0073
68.7350 46.0286
69.6875 46.0502
70.6049 46.0667
71.5305 46.0527
72.4536 46.0590
73.3771 46.0690
74.2767 46.0820
75.2179 46.0653
76.0448 46.0617
76.8400 46.0495
77.5842 46.0584
78.3298 46.0517
79.0802 46.0588
79.8216 46.0565
80.5581 46.0705
81.2409 46.0761
81.9083 46.0860
82.5452 46.1140
83.1758 46.1469
83.7550 46.2024
84.3013 46.2783
84.8184 46.3654
85.3269 46.4569
85.7859 46.5342
86.2153 46.6251
86.6127 46.7329
86.9761 46.8702
87.3151 47.0649
87.6065 47.2936
87.8882 47.4958
88.1426 47.7333
88.3756 47.9658
88.6096 48.2039
88.8227 48.4567
89.0012 48.7353
89.1664 49.0113
89.3266 49.2995
89.4627 49.5908
89.5597 49.8986
89.6363 50.2014
89.6932 50.5029
89.7381 50.8103
89.7529 51.1185
89.7567 51.4389
89.7326 51.7635
89.6947 52.0759
89.6219 52.3709
89.5280 52.6792
89.4490 52.9998
89.3315 53.3386
89.1955 53.6428
89.0447 53.9490
88.8939 54.2910
88.7357 54.6441
88.5676 55.0045
88.3659 55.3713
88.1629 55.7752
87.9491 56.1997
87.7576 56.6358
87.5132 57.0694
87.2257 57.5251
86.9191 58.0096
86.6354 58.5114
86.3475 59.0540
86.0648 59.6420
85.7875 60.2365
85.5026 60.8804
85.2041 61.5252
84.8930 62.1992
84.5621 62.8971
84.1859 63.6493
83.7963 64.4474
83.4427 65.2204
83.0742 66.0341
82.6817 66.8504
82.3085 67.6745
81.9080 68.5194
81.5219 69.3528
81.1182 70.2590
80.7119 71.1330
80.2808 72.0223
79.8445 72.9174
79.3773 73.7979
78.9787 74.6574
78.5509 75.5494
78.1415 76.4508
77.6908 77.3271
77.2486 78.2592
76.7988 79.1938
76.3637 80.1065
75.9195 81.0361
75.4506 81.9933
74.9716 82.9545
74.5129 83.8642
74.0684 84.7808
73.6349 85.6511
73.1499 86.5430
72.6853 87.4377
72.2418 88.3273
71.7830 89.2392
71.3117 90.1574
70.8402 91.0627
70.3844 91.9644
69.8952 92.8826
69.4395 93.7945
68.9663 94.7028
68.5018 95.6305
68.0633 96.5524
67.6256 97.4338
67.1561 98.3474
66.6916 99.2223
66.2122 100.1045
65.7516 100.9708
65.3190 101.8539
64.9046 102.7257
64.5145 103.6500
64.0927 104.5222
63.7343 105.4094
63.3563 106.3252
62.9908 107.2360
62.6681 108.1158
62.3427 108.9821
62.0410 109.9425
61.7910 110.8031
61.5625 111.6967
61.3451 112.6016
61.1591 113.5459
61.0131 114.4797
60.8708 115.4434
60.7770 116.3980
60.7134 117.3223
60.6914 118.2430
60.6736 119.1426
60.7179 120.0587
60.7257 121.0083
60.8112 121.9436
60.8925 122.8605
60.9814 123.7537
61.0447 124.6306
61.1100 125.5177
61.2265 126.3917
61.3484 127.2219
61.4487 128.0452
61.5605 128.8401
61.6968 129.6616
61.8099 130.5187
61.9370 131.4239
62.0780 132.3273
62.1730 133.2394
62.2809 134.1629
62.4452 135.0623
62.5703 135.9437
62.6832 136.7738
62.7840 137.5626
62.9180 138.3177
63.0230 139.0510
63.1125 139.7914
63.1964 140.4920
63.2265 141.1811
63.2390 141.8448
63.2435 142.5140
63.2258 143.1383
63.2173 143.7411
63.2241 144.3220
63.1625 144.8738
63.0951 145.4145
63.0059 145.9329
62.9107 146.4248
62.7743 146.8943
62.6590 147.3576
62.5047 147.7940
62.3198 148.2221
62.1061 148.6286
61.9011 149.0298
61.6432 149.3969
61.3868 149.7717
61.1297 150.1417
60.8453 150.4842
60.5522 150.8312
60.2590 151.2005
59.9409 151.5556
59.5955 151.9050
59.2274 152.2464
58.8168 152.5874
58.3727 152.9229
57.9018 153.2595
57.4163 153.5997
56.8804 153.9312
56.3308 154.2697
55.7667 154.6093
55.1504 154.9428
54.4942 155.2436
53.8008 155.5514
53.0996 155.8217
52.3951 156.1017
51.6985 156.3586
51.0169 156.5682
50.3296 156.7860
49.5546 157.0081
48.7892 157.2177
47.9952 157.4432
47.2011 157.6439
46.4481 157.8161
45.7345 158.0301
45.0169 158.1957
44.2856 158.3461
43.5375 158.4936
42.8032 158.6942
42.0473 158.8659
41.3158 159.0636
40.5938 159.2299
39.8637 159.4083
39.1836 159.5947
38.5132 159.7699
37.9054 159.9318
37.3258 160.0781
36.8046 160.2616
36.3264 160.3758
35.9094 160.5403
35.5336 160.7228
35.1528 160.7994
34.7960 160.8002
34.4686 160.9399
34.1696 161.1051
33.9838 161.4041
33.9838 161.4041
33.3317 161.5959
33.3317 161.5959
32.7024 161.8134
32.7024 161.8134
32.0988 162.0653
31.7831 162.1496
31.7831 162.1496
31.1804 162.4093
30.9394 162.2918
30.7379 162.5625
30.5291 162.7977
30.5291 162.7977
29.8950 163.0395
29.6092 163.2095
29.3778 163.4630
29.0715 163.6172
28.7640 163.7906
28.5263 164.0599
28.2950 164.3421
28.0092 164.5766
27.7022 164.8014
27.3900 165.0459
27.1311 165.3536
26.8173 165.6272
26.5052 165.9248
26.1762 166.2368
25.8714 166.5858
25.5885 166.9708
25.2845 167.3774
25.0029 167.8129
24.7253 168.2646
24.4441 168.7375
